/*--------------------------------*- C++ -*----------------------------------*\
  =========                 |
  \\      /  F ield         | OpenFOAM: The Open Source CFD Toolbox
   \\    /   O peration     | Website:  https://openfoam.org
    \\  /    A nd           | Version:  13
     \\/     M anipulation  |
\*---------------------------------------------------------------------------*/
FoamFile
{
    format      ascii;
    class       faceSet;
    location    "constant/polyMesh/sets";
    object      Input;
}
// * * * * * * * * * * * * * * * * * * * * * * * * * * * * * * * * * * * * * //


1500
(
12288 
3 
65541 
36871 
8201 
61454 
32784 
4114 
86037 
57367 
28697 
81950 
53280 
24610 
77863 
49193 
20523 
73776 
45106 
16436 
69689 
41019 
12349 
65602 
36932 
8262 
61515 
32845 
4175 
86098 
84 
57428 
28758 
82011 
53341 
24671 
77924 
49254 
20584 
73837 
45167 
16497 
69750 
41080 
12410 
65663 
36993 
8323 
61576 
32906 
4236 
86159 
57489 
28819 
82072 
53402 
24732 
77985 
49315 
165 
20645 
73898 
45228 
16558 
69811 
41141 
12471 
65724 
37054 
8384 
61637 
32967 
4297 
86220 
57550 
28880 
82133 
53463 
24793 
78046 
49376 
20706 
73959 
45289 
16619 
69872 
41202 
12532 
246 
65785 
37115 
8445 
61698 
33028 
4358 
86281 
57611 
28941 
82194 
53524 
24854 
78107 
49437 
20767 
74020 
45350 
16680 
69933 
41263 
12593 
65846 
37176 
8506 
61759 
33089 
4419 
86342 
327 
57672 
29002 
82255 
53585 
24915 
78168 
49498 
20828 
74081 
45411 
16741 
69994 
41324 
12654 
65907 
37237 
8567 
61820 
33150 
4480 
86402 
57733 
29063 
82316 
53646 
24976 
78229 
49559 
408 
20889 
74142 
45472 
16802 
70055 
41385 
12715 
86443 
65968 
37298 
8628 
61881 
33211 
4541 
57794 
29124 
82377 
53707 
25037 
78290 
49620 
86484 
20950 
74203 
45533 
16863 
70116 
41446 
12776 
489 
66029 
37359 
8689 
61942 
33272 
4602 
86525 
57855 
29185 
82438 
53768 
25098 
78351 
49681 
21011 
74264 
45594 
16924 
70177 
41507 
12837 
86566 
66090 
37420 
8750 
62003 
33333 
4663 
570 
57916 
29246 
82499 
53829 
25159 
78412 
49742 
86607 
21072 
74325 
45655 
16985 
70238 
41568 
12898 
66151 
37481 
8811 
62064 
33394 
4724 
86648 
57977 
29307 
82560 
53890 
25220 
78473 
651 
49803 
21133 
74386 
45716 
17046 
70299 
41629 
12959 
86689 
2552482 
66212 
37542 
8872 
62125 
33455 
4785 
58038 
29368 
82621 
53951 
25281 
78534 
49864 
21194 
86730 
2552523 
74447 
45777 
17107 
70360 
41690 
732 
13020 
66273 
37603 
8933 
62186 
33516 
4846 
58099 
86771 
2552564 
29429 
82682 
54012 
25342 
78595 
49925 
21255 
74508 
45838 
17168 
70421 
41751 
13081 
86812 
2552605 
66334 
37664 
8994 
62247 
33577 
4907 
813 
58160 
29490 
82743 
54073 
25403 
78656 
49986 
21316 
86853 
2552646 
74569 
45899 
17229 
70482 
41812 
13142 
66395 
37725 
9055 
62308 
33638 
4968 
58221 
86894 
2552687 
29551 
82804 
54134 
25464 
78717 
894 
50047 
21377 
74630 
45960 
17290 
70543 
41873 
13203 
86935 
2552728 
66456 
37786 
9116 
62369 
33699 
5029 
58282 
29612 
82865 
54195 
25525 
78778 
50108 
21438 
86976 
2552769 
74691 
46021 
17351 
70604 
41934 
975 
13264 
66517 
37847 
9177 
62430 
33760 
5090 
58343 
29673 
87017 
2552810 
82926 
54256 
25586 
78839 
50169 
21499 
74752 
46082 
17412 
70665 
41995 
13325 
66578 
87058 
2552851 
37908 
9238 
62491 
33821 
5151 
1056 
58404 
29734 
82987 
54317 
25647 
78900 
50230 
21560 
87099 
2552892 
74813 
46143 
17473 
70726 
42056 
13386 
66639 
37969 
9299 
62552 
33882 
5212 
58465 
29795 
87140 
2552933 
83048 
54378 
25708 
1137 
78961 
50291 
21621 
74874 
46204 
17534 
70787 
42117 
13447 
66700 
87181 
2552974 
38030 
9360 
62613 
33943 
5273 
58526 
29856 
83109 
54439 
25769 
79022 
50352 
21682 
87222 
2553015 
74935 
46265 
17595 
70848 
1218 
42178 
13508 
66761 
38091 
9421 
62674 
34004 
5334 
58587 
29917 
87263 
2553056 
83170 
54500 
25830 
79083 
50413 
21743 
74996 
46326 
17656 
70909 
42239 
13569 
66822 
38152 
87304 
2553097 
9482 
62735 
34065 
1299 
5395 
58648 
29978 
83231 
54561 
25891 
79144 
50474 
21804 
75057 
87345 
2553138 
46387 
17717 
70970 
42300 
13630 
66883 
38213 
9543 
62796 
34126 
5456 
58709 
30039 
87386 
2553179 
83292 
54622 
25952 
1380 
79205 
50535 
21865 
75118 
46448 
17778 
71031 
42361 
13691 
66944 
38274 
87427 
2553220 
9604 
62857 
34187 
5517 
58770 
30100 
83353 
54683 
26013 
79266 
50596 
21926 
75179 
87468 
2553261 
46509 
17839 
71092 
1461 
42422 
13752 
67005 
38335 
9665 
62918 
34248 
5578 
58831 
30161 
87509 
2553302 
83414 
54744 
26074 
79327 
50657 
21987 
75240 
46570 
17900 
71153 
42483 
13813 
67066 
38396 
9726 
87550 
2553343 
62979 
34309 
1542 
5639 
58892 
30222 
83475 
54805 
26135 
79388 
50718 
22048 
75301 
46631 
87591 
2553384 
17961 
71214 
42544 
13874 
67127 
38457 
9787 
63040 
34370 
5700 
58953 
30283 
83536 
87632 
2553425 
54866 
26196 
1623 
79449 
50779 
22109 
75362 
46692 
18022 
71275 
42605 
13935 
67188 
38518 
9848 
87673 
2553466 
63101 
34431 
5761 
59014 
30344 
83597 
54927 
26257 
79510 
50840 
22170 
75423 
46753 
87714 
2553507 
18083 
1704 
71336 
42666 
13996 
67249 
38579 
9909 
63162 
34492 
5822 
59075 
30405 
83658 
87755 
2553548 
54988 
26318 
79571 
50901 
22231 
75484 
46814 
18144 
71397 
42727 
14057 
67310 
38640 
9970 
87796 
2553589 
63223 
1785 
34553 
5883 
59136 
30466 
83719 
55049 
26379 
79632 
50962 
22292 
75545 
46875 
18205 
87837 
2553630 
71458 
42788 
14118 
67371 
38701 
10031 
63284 
34614 
5944 
59197 
30527 
83780 
55110 
87878 
2553671 
26440 
1866 
79693 
51023 
22353 
75606 
46936 
18266 
71519 
42849 
14179 
67432 
38762 
10092 
87919 
2553712 
63345 
34675 
6005 
59258 
30588 
83841 
55171 
26501 
79754 
51084 
22414 
75667 
46997 
18327 
87960 
2553753 
1947 
71580 
42910 
14240 
67493 
38823 
10153 
63406 
34736 
6066 
59319 
30649 
83902 
55232 
88001 
2553794 
26562 
79815 
51145 
22475 
75728 
47058 
18388 
71641 
42971 
14301 
67554 
38884 
10214 
88042 
2553835 
63467 
2028 
34797 
6127 
59380 
30710 
83963 
55293 
26623 
79876 
51206 
22536 
75789 
47119 
18449 
88083 
2553876 
71702 
43032 
14362 
67615 
38945 
10275 
63528 
34858 
6188 
59441 
30771 
84024 
55354 
26684 
88124 
2553917 
2109 
79937 
51267 
22597 
75850 
47180 
18510 
71763 
43093 
14423 
67676 
39006 
10336 
63589 
88165 
2553958 
34919 
6249 
59502 
30832 
84085 
55415 
26745 
79998 
51328 
22658 
75911 
47241 
18571 
2190 
88206 
2553999 
71824 
43154 
14484 
67737 
39067 
10397 
63650 
34980 
6310 
59563 
30893 
84146 
55476 
26806 
88247 
2554040 
80059 
51389 
22719 
75972 
47302 
18632 
71885 
43215 
14545 
67798 
39128 
10458 
2271 
63711 
88288 
2554081 
35041 
6371 
59624 
30954 
84207 
55537 
26867 
80120 
51450 
22780 
76033 
47363 
18693 
88329 
2554122 
71946 
43276 
14606 
67859 
39189 
10519 
63772 
35102 
6432 
59685 
31015 
84268 
55598 
2352 
26928 
88370 
2554163 
80181 
51511 
22841 
76094 
47424 
18754 
72007 
43337 
14667 
67920 
39250 
10580 
63833 
35163 
88411 
2554204 
6493 
59746 
31076 
84329 
55659 
26989 
80242 
51572 
22902 
76155 
47485 
18815 
2433 
72068 
2554245 
43398 
14728 
67981 
39311 
10641 
63894 
35224 
6554 
59807 
31137 
84390 
55720 
27050 
2554286 
80303 
51633 
22963 
76216 
47546 
18876 
72129 
43459 
14789 
68042 
39372 
10702 
2514 
63955 
35285 
2554327 
6615 
59868 
31198 
84451 
55781 
27111 
80364 
51694 
23024 
76277 
47607 
18937 
72190 
2554368 
43520 
14850 
68103 
39433 
10763 
64016 
35346 
6676 
59929 
31259 
84512 
55842 
2595 
27172 
2554409 
80425 
51755 
23085 
76338 
47668 
18998 
72251 
43581 
14911 
68164 
39494 
10824 
64077 
35407 
6737 
2554450 
59990 
31320 
84573 
55903 
27233 
80486 
51816 
23146 
76399 
47729 
19059 
2676 
72312 
43642 
2554491 
14972 
68225 
39555 
10885 
64138 
35468 
6798 
60051 
31381 
84634 
55964 
27294 
80547 
51877 
23207 
76460 
47790 
19120 
72373 
43703 
15033 
68286 
39616 
10946 
2757 
64199 
35529 
6859 
60112 
31442 
84695 
56025 
27355 
80608 
51938 
23268 
76521 
47851 
19181 
72434 
43764 
15094 
68347 
39677 
11007 
64260 
35590 
6920 
60173 
31503 
84756 
2838 
56086 
27416 
80669 
51999 
23329 
76582 
47912 
19242 
72495 
43825 
15155 
68408 
39738 
11068 
64321 
35651 
6981 
60234 
31564 
84817 
56147 
27477 
80730 
52060 
23390 
76643 
47973 
2919 
19303 
72556 
43886 
15216 
68469 
39799 
11129 
64382 
35712 
7042 
60295 
31625 
84878 
56208 
27538 
80791 
52121 
23451 
76704 
48034 
19364 
72617 
43947 
15277 
68530 
39860 
11190 
3000 
64443 
35773 
7103 
60356 
31686 
84939 
56269 
27599 
80852 
52182 
23512 
76765 
48095 
19425 
72678 
44008 
15338 
68591 
39921 
11251 
64504 
35834 
7164 
60417 
31747 
85000 
3081 
56330 
27660 
80913 
52243 
23573 
76826 
48156 
19486 
72739 
44069 
15399 
68652 
39982 
11312 
64565 
35895 
7225 
60478 
31808 
85061 
56391 
27721 
80974 
52304 
23634 
76887 
48217 
3162 
19547 
72800 
44130 
15460 
68713 
40043 
11373 
64626 
35956 
7286 
60539 
31869 
85122 
56452 
27782 
81035 
52365 
23695 
76948 
48278 
19608 
72861 
44191 
15521 
68774 
40104 
11434 
3243 
64687 
36017 
7347 
60600 
31930 
85183 
56513 
27843 
81096 
52426 
23756 
77009 
48339 
19669 
72922 
44252 
15582 
68835 
40165 
11495 
64748 
36078 
7408 
60661 
31991 
3324 
85244 
56574 
27904 
81157 
52487 
23817 
77070 
48400 
19730 
72983 
44313 
15643 
68896 
40226 
11556 
64809 
36139 
7469 
60722 
32052 
85305 
56635 
27965 
81218 
52548 
23878 
77131 
3405 
48461 
19791 
73044 
44374 
15704 
68957 
40287 
11617 
64870 
36200 
7530 
60783 
32113 
85366 
56696 
28026 
81279 
52609 
23939 
77192 
48522 
19852 
73105 
44435 
15765 
69018 
40348 
3486 
11678 
64931 
36261 
7591 
60844 
32174 
85427 
56757 
28087 
81340 
52670 
24000 
77253 
48583 
19913 
73166 
44496 
15826 
69079 
40409 
11739 
64992 
36322 
7652 
60905 
32235 
3567 
85488 
56818 
28148 
81401 
52731 
24061 
77314 
48644 
19974 
73227 
44557 
15887 
69140 
40470 
11800 
65053 
36383 
7713 
60966 
32296 
85549 
56879 
28209 
81462 
52792 
24122 
77375 
3648 
48705 
20035 
73288 
44618 
15948 
69201 
40531 
11861 
65114 
36444 
7774 
61027 
32357 
85610 
56940 
28270 
81523 
52853 
24183 
77436 
48766 
20096 
73349 
44679 
16009 
69262 
40592 
3729 
11922 
65175 
36505 
7835 
61088 
32418 
85671 
57001 
28331 
81584 
52914 
24244 
77497 
48827 
20157 
73410 
44740 
16070 
69323 
40653 
11983 
65236 
36566 
7896 
61149 
32479 
3810 
85732 
57062 
28392 
81645 
52975 
24305 
77558 
48888 
20218 
73471 
44801 
16131 
69384 
40714 
12044 
65297 
36627 
7957 
61210 
32540 
85793 
57123 
28453 
81706 
53036 
24366 
3891 
77619 
48949 
20279 
73532 
44862 
16192 
69445 
40775 
12105 
65358 
36688 
8018 
61271 
32601 
85854 
57184 
28514 
81767 
53097 
24427 
77680 
49010 
20340 
73593 
44923 
16253 
69506 
3972 
40836 
12166 
65419 
36749 
8079 
61332 
32662 
85915 
57245 
28575 
81828 
53158 
24488 
77741 
49071 
20401 
73654 
44984 
16314 
69567 
40897 
12227 
65480 
36810 
8140 
61393 
32723 
4053 
85976 
57306 
28636 
81889 
53219 
24549 
77802 
49132 
20462 
73715 
45045 
16375 
69628 
40958 
)

// ************************************************************************* //
