/*--------------------------------*- C++ -*----------------------------------*\
  =========                 |
  \\      /  F ield         | OpenFOAM: The Open Source CFD Toolbox
   \\    /   O peration     | Website:  https://openfoam.org
    \\  /    A nd           | Version:  13
     \\/     M anipulation  |
\*---------------------------------------------------------------------------*/
FoamFile
{
    format      ascii;
    class       faceSet;
    location    "constant/polyMesh/sets";
    object      NozzleWall;
}
// * * * * * * * * * * * * * * * * * * * * * * * * * * * * * * * * * * * * * //


3600
(
204801 
286724 
147461 
229384 
172044 
253967 
114704 
196627 
2555926 
278550 
139287 
221210 
163870 
245793 
106530 
188453 
270376 
131113 
90154 
213036 
294959 
155696 
237619 
98356 
180279 
262202 
122939 
204862 
2555967 
286785 
147522 
229445 
172105 
254028 
114765 
196688 
278611 
139348 
221271 
163931 
245854 
106591 
188514 
270437 
131174 
2556008 
213097 
295020 
155757 
237680 
98417 
180340 
262263 
123000 
90235 
204923 
286846 
147583 
229506 
172166 
254089 
114826 
196749 
278672 
2556049 
139409 
221332 
163992 
245915 
106652 
188575 
270498 
131235 
213158 
295081 
155818 
237741 
98478 
180401 
262324 
123061 
204984 
2556090 
286907 
147644 
229567 
172227 
254150 
114887 
196810 
90316 
278733 
139470 
221393 
164053 
245976 
106713 
188636 
270559 
131296 
2556131 
213219 
295142 
155879 
237802 
98539 
180462 
262385 
123122 
205045 
286968 
147705 
229628 
172288 
254211 
114948 
196871 
278794 
139531 
2556172 
221454 
164114 
246037 
106774 
188697 
270620 
90397 
131357 
213280 
295203 
155940 
237863 
98600 
180523 
262446 
123183 
205106 
2556213 
287029 
147766 
229689 
172349 
254272 
115009 
196932 
278855 
139592 
221515 
164175 
246098 
106835 
188758 
270681 
131418 
213341 
2556254 
295264 
156001 
237924 
98661 
180584 
262507 
123244 
90478 
205167 
287090 
147827 
229750 
172410 
254333 
115070 
196993 
278916 
139653 
2556295 
221576 
164236 
246159 
106896 
188819 
270742 
131479 
213402 
295325 
156062 
237985 
98722 
180645 
262568 
123305 
205228 
287151 
2556336 
147888 
229811 
172471 
254394 
115131 
197054 
90559 
278977 
139714 
221637 
164297 
246220 
106957 
188880 
270803 
131540 
213463 
2556377 
295386 
156123 
238046 
98783 
180706 
262629 
123366 
205289 
287212 
147949 
229872 
172532 
254455 
115192 
197115 
279038 
139775 
2556418 
221698 
164358 
246281 
107018 
188941 
90640 
270864 
131601 
213524 
295447 
156184 
238107 
98844 
180767 
262690 
123427 
205350 
287273 
148010 
2556459 
229933 
172593 
254516 
115253 
197176 
279099 
139836 
221759 
164419 
246342 
107079 
189002 
270925 
131662 
213585 
2556500 
295508 
156245 
238168 
98905 
180828 
262751 
123488 
90721 
205411 
287334 
148071 
229994 
172654 
254577 
115314 
197237 
279160 
139897 
221820 
2556541 
164480 
246403 
107140 
189063 
270986 
131723 
213646 
295569 
156306 
238229 
98966 
180889 
262812 
123549 
205472 
287395 
148132 
2556582 
230055 
172715 
254638 
115375 
90802 
197298 
279221 
139958 
221881 
164541 
246464 
107201 
189124 
271047 
131784 
213707 
295630 
2556623 
156367 
238290 
99027 
180950 
262873 
123610 
205533 
287456 
148193 
230116 
172776 
254699 
115436 
197359 
279282 
140019 
221942 
2556664 
164602 
246525 
107262 
189185 
90883 
271108 
131845 
213768 
295691 
156428 
238351 
99088 
181011 
262934 
123671 
205594 
287517 
148254 
2556705 
230177 
172837 
254760 
115497 
197420 
279343 
140080 
222003 
164663 
246586 
107323 
189246 
271169 
131906 
213829 
295752 
156489 
2556746 
238412 
99149 
181072 
262995 
90964 
123732 
205655 
287578 
148315 
230238 
172898 
254821 
115558 
197481 
279404 
140141 
222064 
2556787 
164724 
246647 
107384 
189307 
271230 
131967 
213890 
295812 
156550 
238473 
99210 
181133 
263056 
123793 
205716 
287639 
148376 
230299 
2556828 
172959 
254882 
115619 
91045 
197542 
279465 
140202 
222125 
295853 
164785 
246708 
107445 
189368 
271291 
132028 
213951 
156611 
2556869 
238534 
99271 
181194 
263117 
123854 
205777 
287700 
148437 
295894 
230360 
173020 
254943 
115680 
197603 
279526 
140263 
222186 
2556910 
164846 
246769 
107506 
189429 
91126 
271352 
132089 
214012 
295935 
156672 
238595 
99332 
181255 
263178 
123915 
205838 
287761 
148498 
230421 
2556951 
173081 
255004 
115741 
197664 
279587 
140324 
222247 
295976 
164907 
246830 
107567 
189490 
271413 
132150 
214073 
156733 
2556992 
238656 
99393 
181316 
91207 
263239 
123976 
205899 
287822 
148559 
296017 
230482 
173142 
255065 
115802 
197725 
279648 
140385 
222308 
164968 
2557033 
246891 
107628 
189551 
271474 
132211 
214134 
156794 
296058 
238717 
99454 
181377 
263300 
124037 
205960 
287883 
148620 
230543 
2557074 
173203 
255126 
115863 
91288 
197786 
279709 
140446 
222369 
296099 
165029 
246952 
107689 
189612 
271535 
132272 
214195 
156855 
238778 
2557115 
99515 
181438 
263361 
124098 
206021 
287944 
148681 
230604 
296140 
173264 
255187 
115924 
197847 
279770 
140507 
222430 
165090 
2557156 
247013 
107750 
91369 
189673 
271596 
132333 
214256 
156916 
296181 
238839 
99576 
181499 
263422 
124159 
206082 
288005 
148742 
230665 
2557197 
173325 
255248 
115985 
197908 
279831 
140568 
222491 
296222 
165151 
247074 
107811 
189734 
271657 
132394 
214317 
156977 
238900 
99637 
2557238 
181560 
91450 
263483 
124220 
206143 
288066 
148803 
230726 
296263 
173386 
255309 
116046 
197969 
279892 
140629 
222552 
165212 
2557279 
247135 
107872 
189795 
271718 
132455 
214378 
157038 
296304 
238961 
99698 
181621 
263544 
124281 
206204 
288127 
148864 
230787 
173447 
2557320 
255370 
91531 
116107 
198030 
279953 
140690 
222613 
165273 
296345 
247196 
107933 
189856 
271779 
132516 
214439 
157099 
239022 
99759 
2557361 
181682 
263605 
124342 
206265 
288188 
148925 
230848 
296386 
173508 
255431 
116168 
198091 
280014 
140751 
222674 
165334 
247257 
2557402 
107994 
91612 
189917 
271840 
132577 
214500 
157160 
239083 
296427 
99820 
181743 
263666 
124403 
206326 
288249 
148986 
230909 
173569 
2557443 
255492 
116229 
198152 
280075 
140812 
222735 
165395 
296468 
247318 
108055 
189978 
271901 
132638 
214561 
157221 
239144 
99881 
2557484 
181804 
91693 
263727 
124464 
206387 
288310 
149047 
230970 
296509 
173630 
255553 
116290 
198213 
280136 
140873 
222796 
165456 
247379 
108116 
2557525 
190039 
271962 
132699 
214622 
157282 
239205 
99942 
296550 
181865 
263788 
124525 
206448 
288371 
149108 
231031 
173691 
2557566 
91774 
255614 
116351 
198274 
280197 
140934 
222857 
165517 
296591 
247440 
108177 
190100 
272023 
132760 
214683 
157343 
239266 
100003 
181926 
2557607 
263849 
124586 
206509 
288432 
149169 
231092 
173752 
296632 
255675 
116412 
198335 
280258 
140995 
222918 
165578 
247501 
108238 
91855 
2557648 
190161 
272084 
132821 
214744 
157404 
239327 
100064 
296673 
181987 
263910 
124647 
206570 
288493 
149230 
231153 
173813 
255736 
2557689 
116473 
198396 
280319 
141056 
222979 
165639 
247562 
296714 
108299 
190222 
272145 
132882 
214805 
157465 
239388 
100125 
91936 
182048 
2557730 
263971 
124708 
206631 
288554 
149291 
231214 
173874 
296755 
255797 
116534 
198457 
280380 
141117 
223040 
165700 
247623 
108360 
2557771 
190283 
272206 
132943 
214866 
157526 
239449 
100186 
296796 
182109 
264032 
124769 
206692 
288615 
149352 
231275 
173935 
92017 
255858 
116595 
2557812 
198518 
280441 
141178 
223101 
165761 
247684 
108421 
296837 
190344 
272267 
133004 
214927 
157587 
239510 
100247 
182170 
2557853 
264093 
124830 
206753 
288676 
149413 
231336 
173996 
296878 
255919 
116656 
198579 
280502 
141239 
223162 
165822 
247745 
92098 
108482 
190405 
2557894 
272328 
133065 
214988 
157648 
239571 
100308 
182231 
296919 
264154 
124891 
206814 
288737 
149474 
231397 
174057 
255980 
116717 
2557935 
198640 
280563 
141300 
223223 
165883 
247806 
108543 
296960 
190466 
272389 
133126 
215049 
157709 
239632 
100369 
92179 
182292 
264215 
2557976 
124952 
206875 
288798 
149535 
231458 
174118 
256041 
297001 
116778 
198701 
280624 
141361 
223284 
165944 
247867 
108604 
190527 
2558017 
272450 
133187 
215110 
157770 
239693 
100430 
182353 
297042 
264276 
125013 
206936 
288859 
149596 
231519 
174179 
92260 
256102 
116839 
2558058 
198762 
280685 
141422 
223345 
166005 
247928 
108665 
297083 
190588 
272511 
133248 
215171 
157831 
239754 
100491 
182414 
264337 
125074 
2558099 
206997 
288920 
149657 
231580 
174240 
256163 
116900 
297124 
198823 
280746 
141483 
223406 
166066 
92341 
247989 
108726 
190649 
2558140 
272572 
133309 
215232 
157892 
239815 
100552 
182475 
297165 
264398 
125135 
207058 
288981 
149718 
231641 
174301 
256224 
116961 
198884 
2558181 
280807 
141544 
223467 
166127 
248050 
108787 
190710 
297206 
272633 
133370 
215293 
157953 
239876 
100613 
92422 
182536 
264459 
125196 
2558222 
207119 
289042 
149779 
231702 
174362 
256285 
117022 
297247 
198945 
280868 
141605 
223528 
166188 
248111 
108848 
190771 
272694 
2558263 
133431 
215354 
158014 
239937 
100674 
182597 
264520 
297288 
125257 
207180 
289103 
149840 
231763 
92503 
174423 
256346 
117083 
199006 
2558304 
280929 
141666 
223589 
166249 
248172 
108909 
190832 
297329 
272755 
133492 
215415 
158075 
239998 
100735 
182658 
264581 
125318 
2558345 
207241 
289164 
149901 
231824 
174484 
256407 
117144 
297370 
199067 
280990 
141727 
223650 
166310 
92584 
248233 
108970 
190893 
272816 
133553 
2558386 
215476 
158136 
240059 
100796 
182719 
264642 
125379 
297411 
207302 
289225 
149962 
231885 
174545 
256468 
117205 
199128 
2558427 
281051 
141788 
223711 
166371 
248294 
109031 
190954 
297452 
272877 
133614 
215537 
158197 
240120 
92665 
100857 
182780 
264703 
125440 
207363 
2558468 
289286 
150023 
231946 
174606 
256529 
117266 
199189 
297493 
281112 
141849 
223772 
166432 
248355 
109092 
191015 
272938 
133675 
2558509 
215598 
158258 
240181 
100918 
182841 
264764 
125501 
297534 
207424 
289347 
150084 
232007 
92746 
174667 
256590 
117327 
199250 
281173 
2558550 
141910 
223833 
166493 
248416 
109153 
191076 
272999 
297575 
133736 
215659 
158319 
240242 
100979 
182902 
264825 
125562 
207485 
2558591 
289408 
150145 
232068 
174728 
256651 
117388 
199311 
297616 
281234 
141971 
223894 
166554 
92827 
248477 
109214 
191137 
273060 
133797 
2558632 
215720 
158380 
240303 
101040 
182963 
264886 
125623 
297657 
207546 
289469 
150206 
232129 
174789 
256712 
117449 
199372 
281295 
142032 
2558673 
223955 
166615 
248538 
109275 
191198 
273121 
133858 
297698 
215781 
158441 
92908 
240364 
101101 
183024 
264947 
125684 
207607 
2558714 
289530 
150267 
232190 
174850 
256773 
117510 
199433 
297739 
281356 
142093 
224016 
166676 
248599 
109336 
191259 
273182 
133919 
215842 
2558755 
158502 
240425 
101162 
183085 
265008 
125745 
207668 
297780 
289591 
150328 
232251 
92989 
174911 
256834 
117571 
199494 
281417 
142154 
2558796 
224077 
166737 
248660 
109397 
191320 
273243 
133980 
297821 
215903 
158563 
240486 
101223 
183146 
265069 
125806 
207729 
289652 
2558837 
150389 
232312 
174972 
256895 
117632 
199555 
281478 
297862 
142215 
224138 
93070 
166798 
248721 
109458 
191381 
273304 
134041 
215964 
2558878 
158624 
240547 
101284 
183207 
265130 
125867 
207790 
297903 
289713 
150450 
232373 
175033 
256956 
117693 
199616 
281539 
142276 
2558919 
224199 
166859 
248782 
109519 
191442 
273365 
134102 
297944 
216025 
158685 
93151 
240608 
101345 
183268 
265191 
125928 
207851 
289774 
150511 
2558960 
232434 
175094 
257017 
117754 
199677 
281600 
142337 
297985 
224260 
166920 
248843 
109580 
191503 
273426 
134163 
216086 
2559001 
158746 
240669 
101406 
183329 
265252 
125989 
207912 
298026 
289835 
150572 
232495 
93232 
175155 
257078 
117815 
199738 
281661 
142398 
224321 
2559042 
166981 
248904 
109641 
191564 
273487 
134224 
216147 
298067 
158807 
240730 
101467 
183390 
265313 
126050 
207973 
289896 
150633 
2559083 
232556 
175216 
257139 
117876 
199799 
281722 
142459 
298108 
224382 
93313 
167042 
248965 
109702 
191625 
273548 
134285 
216208 
2559124 
158868 
240791 
101528 
183451 
265374 
126111 
208034 
289957 
298149 
150694 
232617 
175277 
257200 
117937 
199860 
281783 
142520 
224443 
2559165 
167103 
249026 
109763 
191686 
273609 
134346 
216269 
298190 
158929 
93394 
240852 
101589 
183512 
265435 
126172 
208095 
290018 
150755 
2559206 
232678 
175338 
257261 
117998 
199921 
281844 
142581 
298231 
224504 
167164 
249087 
109824 
191747 
273670 
134407 
216330 
158990 
2559247 
240913 
101650 
183573 
265496 
126233 
208156 
290079 
150816 
298272 
93475 
232739 
175399 
257322 
118059 
199982 
281905 
142642 
224565 
2559288 
167225 
249148 
109885 
191808 
273731 
134468 
216391 
298313 
159051 
240974 
101711 
183634 
265557 
126294 
208217 
290140 
150877 
232800 
2559329 
175460 
257383 
118120 
200043 
281966 
142703 
224626 
298354 
93556 
167286 
249209 
109946 
191869 
273792 
134529 
216452 
159112 
2559370 
241035 
101772 
183695 
265618 
126355 
208278 
290201 
150938 
298395 
232861 
175521 
257444 
118181 
200104 
282027 
142764 
224687 
2559411 
167347 
249270 
110007 
191930 
273853 
134590 
216513 
298436 
93637 
159173 
241096 
101833 
183756 
265679 
126416 
208339 
290262 
150999 
232922 
175582 
257505 
118242 
200165 
282088 
142825 
224748 
298477 
167408 
249331 
110068 
191991 
273914 
134651 
216574 
159234 
241157 
101894 
183817 
265740 
126477 
208400 
290323 
151060 
93718 
298518 
232983 
175643 
257566 
118303 
200226 
282149 
142886 
224809 
167469 
249392 
110129 
192052 
273975 
134712 
216635 
159295 
298559 
241218 
101955 
183878 
265801 
126538 
208461 
290384 
151121 
233044 
175704 
257627 
118364 
200287 
282210 
142947 
224870 
93799 
298600 
167530 
249453 
110190 
192113 
274036 
134773 
216696 
159356 
241279 
102016 
183939 
265862 
126599 
208522 
290445 
151182 
233105 
298641 
175765 
257688 
118425 
200348 
282271 
143008 
224931 
167591 
249514 
110251 
192174 
274097 
134834 
216757 
93880 
159417 
298682 
241340 
102077 
184000 
265923 
126660 
208583 
290506 
151243 
233166 
175826 
257749 
118486 
200409 
282332 
143069 
224992 
298723 
167652 
249575 
110312 
192235 
274158 
134895 
216818 
159478 
241401 
102138 
184061 
265984 
126721 
208644 
290567 
151304 
93961 
233227 
298764 
175887 
257810 
118547 
200470 
282393 
143130 
225053 
167713 
249636 
110373 
192296 
274219 
134956 
216879 
159539 
298805 
241462 
102199 
184122 
266045 
126782 
208705 
290628 
151365 
233288 
175948 
257871 
118608 
200531 
282454 
143191 
94042 
225114 
167774 
298846 
249697 
110434 
192357 
274280 
135017 
216940 
159600 
241523 
102260 
184183 
266106 
126843 
208766 
290689 
151426 
233349 
298887 
176009 
257932 
118669 
200592 
282515 
143252 
225175 
167835 
249758 
110495 
192418 
274341 
135078 
217001 
94123 
159661 
241584 
298928 
102321 
184244 
266167 
126904 
208827 
290750 
151487 
233410 
176070 
257993 
118730 
200653 
282576 
143313 
225236 
167896 
298969 
249819 
110556 
192479 
274402 
135139 
217062 
159722 
241645 
102382 
184305 
266228 
126965 
208888 
290811 
94204 
151548 
233471 
299010 
176131 
258054 
118791 
200714 
282637 
143374 
225297 
167957 
249880 
110617 
192540 
274463 
135200 
217123 
159783 
241706 
102443 
299051 
184366 
266289 
127026 
208949 
290872 
151609 
233532 
176192 
258115 
118852 
200775 
282698 
143435 
94285 
225358 
168018 
299092 
249941 
110678 
192601 
274524 
135261 
217184 
159844 
241767 
102504 
184427 
266350 
127087 
209010 
290933 
151670 
233593 
176253 
299133 
258176 
118913 
200836 
282759 
143496 
225419 
168079 
250002 
110739 
192662 
274585 
135322 
217245 
94366 
159905 
241828 
102565 
299174 
184488 
266411 
127148 
209071 
290994 
151731 
233654 
176314 
258237 
118974 
200897 
282820 
143557 
225480 
168140 
250063 
299215 
110800 
192723 
274646 
135383 
217306 
159966 
241889 
102626 
184549 
266472 
127209 
209132 
94447 
291055 
151792 
233715 
176375 
299256 
258298 
119035 
200958 
282881 
143618 
225541 
168201 
250124 
110861 
192784 
274707 
135444 
217367 
160027 
241950 
102687 
299297 
184610 
266533 
127270 
209193 
291116 
151853 
233776 
176436 
258359 
119096 
201019 
282942 
143679 
94528 
225602 
168262 
250185 
110922 
299338 
192845 
274768 
135505 
217428 
160088 
242011 
102748 
184671 
266594 
127331 
209254 
291177 
151914 
233837 
176497 
299379 
258420 
119157 
201080 
283003 
143740 
225663 
168323 
250246 
110983 
192906 
274829 
135566 
94609 
217489 
160149 
242072 
102809 
184732 
299420 
266655 
127392 
209315 
291238 
151975 
233898 
176558 
258481 
119218 
201141 
283064 
143801 
225724 
168384 
250307 
111044 
299461 
192967 
274890 
135627 
217550 
160210 
242133 
102870 
184793 
266716 
127453 
209376 
94690 
291299 
152036 
233959 
176619 
258542 
299502 
119279 
201202 
283125 
143862 
225785 
168445 
250368 
111105 
193028 
274951 
135688 
217611 
160271 
242194 
102931 
184854 
299543 
266777 
127514 
209437 
291360 
152097 
234020 
176680 
258603 
119340 
201263 
283186 
94771 
143923 
225846 
168506 
250429 
111166 
299584 
193089 
275012 
135749 
217672 
160332 
242255 
102992 
184915 
266838 
127575 
209498 
291421 
152158 
234081 
176741 
258664 
119401 
299625 
201324 
283247 
143984 
225907 
168567 
250490 
111227 
193150 
275073 
135810 
94852 
217733 
160393 
242316 
103053 
184976 
299666 
266899 
127636 
209559 
291482 
152219 
234142 
176802 
258725 
119462 
201385 
283308 
144045 
225968 
168628 
250551 
111288 
193211 
299707 
275134 
135871 
217794 
160454 
242377 
103114 
185037 
266960 
127697 
209620 
94933 
291543 
152280 
234203 
176863 
258786 
119523 
299748 
201446 
283369 
144106 
226029 
168689 
250612 
111349 
193272 
275195 
135932 
217855 
160515 
242438 
103175 
185098 
267021 
299789 
127758 
209681 
291604 
152341 
234264 
176924 
258847 
119584 
201507 
95014 
283430 
144167 
226090 
168750 
250673 
111410 
193333 
299830 
275256 
135993 
217916 
160576 
242499 
103236 
185159 
267082 
127819 
209742 
291665 
152402 
234325 
176985 
258908 
119645 
299871 
201568 
283491 
144228 
226151 
168811 
250734 
111471 
193394 
275317 
136054 
95095 
217977 
160637 
242560 
103297 
185220 
267143 
127880 
299912 
209803 
291726 
152463 
234386 
177046 
258969 
119706 
201629 
283552 
144289 
226212 
168872 
250795 
111532 
193455 
299953 
275378 
136115 
218038 
160698 
242621 
103358 
185281 
267204 
127941 
95176 
209864 
291787 
152524 
234447 
177107 
259030 
119767 
201690 
299994 
283613 
144350 
226273 
168933 
250856 
111593 
193516 
275439 
136176 
218099 
160759 
242682 
103419 
185342 
267265 
128002 
300035 
209925 
291848 
152585 
234508 
177168 
259091 
119828 
201751 
95257 
283674 
144411 
226334 
168994 
250917 
111654 
193577 
275500 
300076 
136237 
218160 
160820 
242743 
103480 
185403 
267326 
128063 
209986 
291909 
152646 
234569 
177229 
259152 
119889 
201812 
300117 
283735 
144472 
226395 
169055 
250978 
111715 
193638 
275561 
95338 
136298 
218221 
160881 
242804 
103541 
185464 
267387 
128124 
300158 
210047 
291970 
152707 
234630 
177290 
259213 
119950 
201873 
283796 
144533 
226456 
169116 
251039 
111776 
193699 
275622 
136359 
300199 
218282 
160942 
242865 
103602 
185525 
267448 
128185 
95419 
210108 
292031 
152768 
234691 
177351 
259274 
120011 
201934 
300240 
283857 
144594 
226517 
169177 
251100 
111837 
193760 
275683 
136420 
218343 
161003 
242926 
103663 
185586 
267509 
128246 
210169 
300281 
292092 
152829 
234752 
177412 
259335 
120072 
201995 
95500 
283918 
144655 
226578 
169238 
251161 
111898 
193821 
275744 
136481 
300322 
218404 
161064 
242987 
103724 
185647 
267570 
128307 
210230 
292153 
152890 
234813 
177473 
259396 
120133 
202056 
283979 
300363 
144716 
226639 
169299 
251222 
111959 
193882 
95581 
275805 
136542 
218465 
161125 
243048 
103785 
185708 
267631 
128368 
210291 
300404 
292214 
152951 
234874 
177534 
259457 
120194 
202117 
284040 
144777 
226700 
169360 
251283 
112020 
193943 
275866 
136603 
300445 
218526 
161186 
243109 
103846 
185769 
267692 
128429 
95662 
210352 
292275 
153012 
234935 
177595 
259518 
120255 
202178 
284101 
144838 
300486 
226761 
169421 
251344 
112081 
194004 
275927 
136664 
218587 
161247 
243170 
103907 
185830 
267753 
128490 
210413 
300527 
292336 
153073 
234996 
177656 
259579 
120316 
95743 
202239 
284162 
144899 
226822 
169482 
251405 
112142 
194065 
275988 
136725 
218648 
300568 
161308 
243231 
103968 
185891 
267814 
128551 
210474 
292397 
153134 
235057 
177717 
259640 
120377 
202300 
284223 
144960 
300609 
226883 
169543 
251466 
112203 
194126 
95824 
276049 
136786 
218709 
161369 
243292 
104029 
185952 
267875 
128612 
210535 
292458 
300650 
153195 
235118 
177778 
259701 
120438 
202361 
284284 
145021 
226944 
169604 
251527 
112264 
194187 
276110 
136847 
218770 
300691 
161430 
243353 
104090 
186013 
267936 
95905 
128673 
210596 
292519 
153256 
235179 
177839 
259762 
120499 
202422 
284345 
145082 
227005 
169665 
251588 
112325 
194248 
276171 
136908 
218831 
161491 
243414 
104151 
186074 
267997 
128734 
210657 
292580 
153317 
235240 
177900 
259823 
120560 
95986 
202483 
284406 
145143 
227066 
169726 
251649 
112386 
194309 
276232 
136969 
218892 
161552 
243475 
104212 
186135 
268058 
128795 
210718 
292641 
153378 
235301 
177961 
259884 
120621 
202544 
284467 
145204 
227127 
169787 
251710 
112447 
194370 
96067 
276293 
137030 
218953 
161613 
243536 
104273 
186196 
268119 
128856 
210779 
292702 
153439 
235362 
178022 
259945 
120682 
202605 
284528 
145265 
227188 
169848 
251771 
112508 
194431 
276354 
137091 
219014 
161674 
243597 
104334 
186257 
96148 
268180 
128917 
210840 
292763 
153500 
235423 
178083 
260006 
120743 
202666 
284589 
145326 
227249 
169909 
251832 
112569 
194492 
276415 
137152 
219075 
161735 
243658 
104395 
186318 
268241 
128978 
210901 
292824 
153561 
235484 
178144 
260067 
120804 
96229 
202727 
284650 
145387 
227310 
169970 
251893 
112630 
194553 
276476 
137213 
219136 
161796 
243719 
104456 
186379 
268302 
129039 
210962 
292885 
153622 
235545 
178205 
260128 
120865 
202788 
284711 
145448 
227371 
170031 
251954 
112691 
96310 
194614 
276537 
137274 
219197 
161857 
243780 
104517 
186440 
268363 
129100 
211023 
292946 
153683 
235606 
178266 
260189 
120926 
202849 
284772 
145509 
227432 
170092 
252015 
112752 
194675 
276598 
137335 
219258 
161918 
243841 
104578 
186501 
96391 
268424 
129161 
211084 
293007 
153744 
235667 
178327 
260250 
120987 
202910 
284833 
145570 
227493 
170153 
252076 
112813 
194736 
276659 
137396 
219319 
161979 
243902 
104639 
186562 
268485 
129222 
211145 
293068 
153805 
235728 
178388 
260311 
96472 
121048 
202971 
284894 
145631 
227554 
170214 
252137 
112874 
194797 
276720 
137457 
219380 
162040 
243963 
104700 
186623 
268546 
129283 
211206 
293129 
153866 
235789 
178449 
260372 
121109 
203032 
284955 
145692 
227615 
170275 
252198 
112935 
96553 
194858 
276781 
137518 
219441 
162101 
244024 
104761 
186684 
268607 
129344 
211267 
293190 
153927 
235850 
178510 
260433 
121170 
203093 
285016 
145753 
227676 
170336 
252259 
112996 
194919 
276842 
137579 
219502 
162162 
244085 
104822 
186745 
96634 
268668 
129405 
211328 
293251 
153988 
88453 
235911 
178571 
260494 
121231 
203154 
285077 
145814 
227737 
170397 
252320 
113057 
194980 
276903 
137640 
219563 
162223 
244146 
104883 
186806 
268729 
129466 
211389 
293312 
154049 
235972 
178632 
96715 
260555 
121292 
203215 
285138 
145875 
88534 
227798 
170458 
252381 
113118 
195041 
276964 
137701 
219624 
162284 
244207 
104944 
186867 
268790 
129527 
211450 
293373 
154110 
236033 
178693 
260616 
121353 
203276 
285199 
145936 
227859 
170519 
252442 
113179 
96796 
195102 
277025 
137762 
219685 
88615 
162345 
244268 
105005 
186928 
268851 
129588 
211511 
293434 
154171 
236094 
178754 
260677 
121414 
203337 
285260 
145997 
227920 
170580 
252503 
113240 
195163 
277086 
137823 
219746 
162406 
244329 
105066 
96877 
186989 
268912 
129649 
211572 
293495 
88696 
154232 
236155 
178815 
260738 
121475 
203398 
285321 
146058 
227981 
170641 
252564 
113301 
195224 
277147 
137884 
219807 
162467 
2554532 
244390 
105127 
187050 
268973 
129710 
211633 
293556 
154293 
236216 
178876 
96958 
260799 
121536 
203459 
285382 
146119 
88777 
228042 
2554573 
170702 
252625 
113362 
195285 
277208 
137945 
219868 
162528 
244451 
105188 
187111 
269034 
129771 
211694 
293617 
154354 
236277 
2554614 
178937 
260860 
121597 
203520 
285443 
146180 
228103 
170763 
252686 
97039 
113423 
195346 
277269 
138006 
219929 
88858 
162589 
2554655 
244512 
105249 
187172 
269095 
129832 
211755 
293678 
154415 
236338 
178998 
260921 
121658 
203581 
285504 
146241 
228164 
2554696 
170824 
252747 
113484 
195407 
277330 
138067 
219990 
162650 
244573 
105310 
97120 
187233 
269156 
129893 
211816 
88939 
293739 
154476 
236399 
2554737 
179059 
260982 
121719 
203642 
285565 
146302 
228225 
170885 
252808 
113545 
195468 
277391 
138128 
220051 
162711 
2554778 
244634 
105371 
187294 
269217 
129954 
211877 
293800 
154537 
236460 
179120 
97201 
261043 
121780 
203703 
285626 
146363 
89020 
228286 
170946 
2554819 
252869 
113606 
195529 
277452 
138189 
220112 
162772 
244695 
105432 
187355 
269278 
130015 
211938 
293861 
154598 
236521 
2554860 
179181 
261104 
121841 
203764 
285687 
146424 
228347 
171007 
97282 
252930 
113667 
195590 
277513 
138250 
89101 
220173 
162833 
244756 
2554901 
105493 
187416 
269339 
130076 
211999 
293922 
154659 
236582 
179242 
261165 
121902 
203825 
285748 
146485 
228408 
171068 
2554942 
252991 
113728 
195651 
277574 
138311 
220234 
162894 
244817 
105554 
97363 
187477 
269400 
130137 
212060 
89182 
293983 
154720 
236643 
2554983 
179303 
261226 
121963 
203886 
285809 
146546 
228469 
171129 
253052 
113789 
195712 
277635 
138372 
220295 
162955 
244878 
105615 
2555024 
187538 
269461 
130198 
212121 
294044 
154781 
236704 
97444 
179364 
261287 
122024 
203947 
285870 
89263 
146607 
228530 
171190 
2555065 
253113 
113850 
195773 
277696 
138433 
220356 
163016 
244939 
105676 
187599 
269522 
130259 
212182 
294105 
154842 
236765 
179425 
2555106 
261348 
122085 
204008 
285931 
146668 
228591 
171251 
97525 
253174 
113911 
195834 
277757 
138494 
89344 
220417 
163077 
245000 
105737 
2555147 
187660 
269583 
130320 
212243 
294166 
154903 
236826 
179486 
261409 
122146 
204069 
285992 
146729 
228652 
171312 
253235 
2555188 
113972 
195895 
277818 
138555 
220478 
163138 
245061 
97606 
105798 
187721 
269644 
130381 
212304 
89425 
294227 
154964 
236887 
179547 
2555229 
261470 
122207 
204130 
286053 
146790 
228713 
171373 
253296 
114033 
195956 
277879 
138616 
220539 
163199 
245122 
105859 
2555270 
187782 
269705 
130442 
212365 
294288 
155025 
236948 
97687 
179608 
261531 
122268 
204191 
89506 
286114 
146851 
228774 
171434 
253357 
114094 
2555311 
196017 
277940 
138677 
220600 
163260 
245183 
105920 
187843 
269766 
130503 
212426 
294349 
155086 
237009 
179669 
2555352 
261592 
122329 
204252 
286175 
146912 
228835 
171495 
97768 
253418 
114155 
196078 
278001 
138738 
89587 
220661 
163321 
245244 
105981 
187904 
2555393 
269827 
130564 
212487 
294410 
155147 
237070 
179730 
261653 
122390 
204313 
286236 
146973 
228896 
171556 
253479 
114216 
2555434 
196139 
278062 
138799 
220722 
163382 
97849 
245305 
106042 
187965 
269888 
130625 
89668 
212548 
294471 
155208 
237131 
179791 
261714 
2555475 
122451 
204374 
286297 
147034 
228957 
171617 
253540 
114277 
196200 
278123 
138860 
220783 
163443 
245366 
106103 
188026 
2555516 
269949 
130686 
212609 
294532 
155269 
237192 
97930 
179852 
261775 
122512 
204435 
89749 
286358 
147095 
229018 
171678 
253601 
114338 
2555557 
196261 
278184 
138921 
220844 
163504 
245427 
106164 
188087 
270010 
130747 
212670 
294593 
155330 
237253 
179913 
261836 
122573 
2555598 
204496 
286419 
147156 
229079 
98011 
171739 
253662 
114399 
196322 
278245 
89830 
138982 
220905 
163565 
245488 
106225 
188148 
2555639 
270071 
130808 
212731 
294654 
155391 
237314 
179974 
261897 
122634 
204557 
286480 
147217 
229140 
171800 
253723 
114460 
196383 
2555680 
278306 
139043 
220966 
163626 
98092 
245549 
106286 
188209 
270132 
130869 
89911 
212792 
294715 
155452 
237375 
180035 
261958 
122695 
2555721 
204618 
286541 
147278 
229201 
171861 
253784 
114521 
196444 
278367 
139104 
221027 
163687 
245610 
106347 
188270 
270193 
2555762 
130930 
212853 
294776 
155513 
237436 
98173 
180096 
262019 
122756 
204679 
89992 
286602 
147339 
229262 
171922 
253845 
114582 
196505 
2555803 
278428 
139165 
221088 
163748 
245671 
106408 
188331 
270254 
130991 
212914 
294837 
155574 
237497 
98234 
180157 
262080 
122817 
2555844 
204740 
286663 
147400 
229323 
171983 
253906 
114643 
196566 
90073 
278489 
139226 
221149 
163809 
245732 
106469 
188392 
270315 
131052 
2555885 
212975 
294898 
155635 
237558 
98295 
180218 
262141 
122878 
)

// ************************************************************************* //
