/*--------------------------------*- C++ -*----------------------------------*\
  =========                 |
  \\      /  F ield         | OpenFOAM: The Open Source CFD Toolbox
   \\    /   O peration     | Website:  https://openfoam.org
    \\  /    A nd           | Version:  13
     \\/     M anipulation  |
\*---------------------------------------------------------------------------*/
FoamFile
{
    format      ascii;
    class       faceZoneList;
    location    "constant/polyMesh";
    object      faceZones;
}
// * * * * * * * * * * * * * * * * * * * * * * * * * * * * * * * * * * * * * //

2
(
NozzleWall
{
faceLabels      List<label> 
3600
(
2554532
2554573
2554614
2554655
2554696
2554737
2554778
2554819
2554860
2554901
2554942
2554983
2555024
2555065
2555106
2555147
2555188
2555229
2555270
2555311
2555352
2555393
2555434
2555475
2555516
2555557
2555598
2555639
2555680
2555721
2555762
2555803
2555844
2555885
2555926
2555967
2556008
2556049
2556090
2556131
2556172
2556213
2556254
2556295
2556336
2556377
2556418
2556459
2556500
2556541
2556582
2556623
2556664
2556705
2556746
2556787
2556828
2556869
2556910
2556951
2556992
2557033
2557074
2557115
2557156
2557197
2557238
2557279
2557320
2557361
2557402
2557443
2557484
2557525
2557566
2557607
2557648
2557689
2557730
2557771
2557812
2557853
2557894
2557935
2557976
2558017
2558058
2558099
2558140
2558181
2558222
2558263
2558304
2558345
2558386
2558427
2558468
2558509
2558550
2558591
2558632
2558673
2558714
2558755
2558796
2558837
2558878
2558919
2558960
2559001
2559042
2559083
2559124
2559165
2559206
2559247
2559288
2559329
2559370
2559411
88453
88534
88615
88696
88777
88858
88939
89020
89101
89182
89263
89344
89425
89506
89587
89668
89749
89830
89911
89992
90073
90154
90235
90316
90397
90478
90559
90640
90721
90802
90883
90964
91045
91126
91207
91288
91369
91450
91531
91612
91693
91774
91855
91936
92017
92098
92179
92260
92341
92422
92503
92584
92665
92746
92827
92908
92989
93070
93151
93232
93313
93394
93475
93556
93637
93718
93799
93880
93961
94042
94123
94204
94285
94366
94447
94528
94609
94690
94771
94852
94933
95014
95095
95176
95257
95338
95419
95500
95581
95662
95743
95824
95905
95986
96067
96148
96229
96310
96391
96472
96553
96634
96715
96796
96877
96958
97039
97120
97201
97282
97363
97444
97525
97606
97687
97768
97849
97930
98011
98092
98173
98234
98295
98356
98417
98478
98539
98600
98661
98722
98783
98844
98905
98966
99027
99088
99149
99210
99271
99332
99393
99454
99515
99576
99637
99698
99759
99820
99881
99942
100003
100064
100125
100186
100247
100308
100369
100430
100491
100552
100613
100674
100735
100796
100857
100918
100979
101040
101101
101162
101223
101284
101345
101406
101467
101528
101589
101650
101711
101772
101833
101894
101955
102016
102077
102138
102199
102260
102321
102382
102443
102504
102565
102626
102687
102748
102809
102870
102931
102992
103053
103114
103175
103236
103297
103358
103419
103480
103541
103602
103663
103724
103785
103846
103907
103968
104029
104090
104151
104212
104273
104334
104395
104456
104517
104578
104639
104700
104761
104822
104883
104944
105005
105066
105127
105188
105249
105310
105371
105432
105493
105554
105615
105676
105737
105798
105859
105920
105981
106042
106103
106164
106225
106286
106347
106408
106469
106530
106591
106652
106713
106774
106835
106896
106957
107018
107079
107140
107201
107262
107323
107384
107445
107506
107567
107628
107689
107750
107811
107872
107933
107994
108055
108116
108177
108238
108299
108360
108421
108482
108543
108604
108665
108726
108787
108848
108909
108970
109031
109092
109153
109214
109275
109336
109397
109458
109519
109580
109641
109702
109763
109824
109885
109946
110007
110068
110129
110190
110251
110312
110373
110434
110495
110556
110617
110678
110739
110800
110861
110922
110983
111044
111105
111166
111227
111288
111349
111410
111471
111532
111593
111654
111715
111776
111837
111898
111959
112020
112081
112142
112203
112264
112325
112386
112447
112508
112569
112630
112691
112752
112813
112874
112935
112996
113057
113118
113179
113240
113301
113362
113423
113484
113545
113606
113667
113728
113789
113850
113911
113972
114033
114094
114155
114216
114277
114338
114399
114460
114521
114582
114643
114704
114765
114826
114887
114948
115009
115070
115131
115192
115253
115314
115375
115436
115497
115558
115619
115680
115741
115802
115863
115924
115985
116046
116107
116168
116229
116290
116351
116412
116473
116534
116595
116656
116717
116778
116839
116900
116961
117022
117083
117144
117205
117266
117327
117388
117449
117510
117571
117632
117693
117754
117815
117876
117937
117998
118059
118120
118181
118242
118303
118364
118425
118486
118547
118608
118669
118730
118791
118852
118913
118974
119035
119096
119157
119218
119279
119340
119401
119462
119523
119584
119645
119706
119767
119828
119889
119950
120011
120072
120133
120194
120255
120316
120377
120438
120499
120560
120621
120682
120743
120804
120865
120926
120987
121048
121109
121170
121231
121292
121353
121414
121475
121536
121597
121658
121719
121780
121841
121902
121963
122024
122085
122146
122207
122268
122329
122390
122451
122512
122573
122634
122695
122756
122817
122878
122939
123000
123061
123122
123183
123244
123305
123366
123427
123488
123549
123610
123671
123732
123793
123854
123915
123976
124037
124098
124159
124220
124281
124342
124403
124464
124525
124586
124647
124708
124769
124830
124891
124952
125013
125074
125135
125196
125257
125318
125379
125440
125501
125562
125623
125684
125745
125806
125867
125928
125989
126050
126111
126172
126233
126294
126355
126416
126477
126538
126599
126660
126721
126782
126843
126904
126965
127026
127087
127148
127209
127270
127331
127392
127453
127514
127575
127636
127697
127758
127819
127880
127941
128002
128063
128124
128185
128246
128307
128368
128429
128490
128551
128612
128673
128734
128795
128856
128917
128978
129039
129100
129161
129222
129283
129344
129405
129466
129527
129588
129649
129710
129771
129832
129893
129954
130015
130076
130137
130198
130259
130320
130381
130442
130503
130564
130625
130686
130747
130808
130869
130930
130991
131052
131113
131174
131235
131296
131357
131418
131479
131540
131601
131662
131723
131784
131845
131906
131967
132028
132089
132150
132211
132272
132333
132394
132455
132516
132577
132638
132699
132760
132821
132882
132943
133004
133065
133126
133187
133248
133309
133370
133431
133492
133553
133614
133675
133736
133797
133858
133919
133980
134041
134102
134163
134224
134285
134346
134407
134468
134529
134590
134651
134712
134773
134834
134895
134956
135017
135078
135139
135200
135261
135322
135383
135444
135505
135566
135627
135688
135749
135810
135871
135932
135993
136054
136115
136176
136237
136298
136359
136420
136481
136542
136603
136664
136725
136786
136847
136908
136969
137030
137091
137152
137213
137274
137335
137396
137457
137518
137579
137640
137701
137762
137823
137884
137945
138006
138067
138128
138189
138250
138311
138372
138433
138494
138555
138616
138677
138738
138799
138860
138921
138982
139043
139104
139165
139226
139287
139348
139409
139470
139531
139592
139653
139714
139775
139836
139897
139958
140019
140080
140141
140202
140263
140324
140385
140446
140507
140568
140629
140690
140751
140812
140873
140934
140995
141056
141117
141178
141239
141300
141361
141422
141483
141544
141605
141666
141727
141788
141849
141910
141971
142032
142093
142154
142215
142276
142337
142398
142459
142520
142581
142642
142703
142764
142825
142886
142947
143008
143069
143130
143191
143252
143313
143374
143435
143496
143557
143618
143679
143740
143801
143862
143923
143984
144045
144106
144167
144228
144289
144350
144411
144472
144533
144594
144655
144716
144777
144838
144899
144960
145021
145082
145143
145204
145265
145326
145387
145448
145509
145570
145631
145692
145753
145814
145875
145936
145997
146058
146119
146180
146241
146302
146363
146424
146485
146546
146607
146668
146729
146790
146851
146912
146973
147034
147095
147156
147217
147278
147339
147400
147461
147522
147583
147644
147705
147766
147827
147888
147949
148010
148071
148132
148193
148254
148315
148376
148437
148498
148559
148620
148681
148742
148803
148864
148925
148986
149047
149108
149169
149230
149291
149352
149413
149474
149535
149596
149657
149718
149779
149840
149901
149962
150023
150084
150145
150206
150267
150328
150389
150450
150511
150572
150633
150694
150755
150816
150877
150938
150999
151060
151121
151182
151243
151304
151365
151426
151487
151548
151609
151670
151731
151792
151853
151914
151975
152036
152097
152158
152219
152280
152341
152402
152463
152524
152585
152646
152707
152768
152829
152890
152951
153012
153073
153134
153195
153256
153317
153378
153439
153500
153561
153622
153683
153744
153805
153866
153927
153988
154049
154110
154171
154232
154293
154354
154415
154476
154537
154598
154659
154720
154781
154842
154903
154964
155025
155086
155147
155208
155269
155330
155391
155452
155513
155574
155635
155696
155757
155818
155879
155940
156001
156062
156123
156184
156245
156306
156367
156428
156489
156550
156611
156672
156733
156794
156855
156916
156977
157038
157099
157160
157221
157282
157343
157404
157465
157526
157587
157648
157709
157770
157831
157892
157953
158014
158075
158136
158197
158258
158319
158380
158441
158502
158563
158624
158685
158746
158807
158868
158929
158990
159051
159112
159173
159234
159295
159356
159417
159478
159539
159600
159661
159722
159783
159844
159905
159966
160027
160088
160149
160210
160271
160332
160393
160454
160515
160576
160637
160698
160759
160820
160881
160942
161003
161064
161125
161186
161247
161308
161369
161430
161491
161552
161613
161674
161735
161796
161857
161918
161979
162040
162101
162162
162223
162284
162345
162406
162467
162528
162589
162650
162711
162772
162833
162894
162955
163016
163077
163138
163199
163260
163321
163382
163443
163504
163565
163626
163687
163748
163809
163870
163931
163992
164053
164114
164175
164236
164297
164358
164419
164480
164541
164602
164663
164724
164785
164846
164907
164968
165029
165090
165151
165212
165273
165334
165395
165456
165517
165578
165639
165700
165761
165822
165883
165944
166005
166066
166127
166188
166249
166310
166371
166432
166493
166554
166615
166676
166737
166798
166859
166920
166981
167042
167103
167164
167225
167286
167347
167408
167469
167530
167591
167652
167713
167774
167835
167896
167957
168018
168079
168140
168201
168262
168323
168384
168445
168506
168567
168628
168689
168750
168811
168872
168933
168994
169055
169116
169177
169238
169299
169360
169421
169482
169543
169604
169665
169726
169787
169848
169909
169970
170031
170092
170153
170214
170275
170336
170397
170458
170519
170580
170641
170702
170763
170824
170885
170946
171007
171068
171129
171190
171251
171312
171373
171434
171495
171556
171617
171678
171739
171800
171861
171922
171983
172044
172105
172166
172227
172288
172349
172410
172471
172532
172593
172654
172715
172776
172837
172898
172959
173020
173081
173142
173203
173264
173325
173386
173447
173508
173569
173630
173691
173752
173813
173874
173935
173996
174057
174118
174179
174240
174301
174362
174423
174484
174545
174606
174667
174728
174789
174850
174911
174972
175033
175094
175155
175216
175277
175338
175399
175460
175521
175582
175643
175704
175765
175826
175887
175948
176009
176070
176131
176192
176253
176314
176375
176436
176497
176558
176619
176680
176741
176802
176863
176924
176985
177046
177107
177168
177229
177290
177351
177412
177473
177534
177595
177656
177717
177778
177839
177900
177961
178022
178083
178144
178205
178266
178327
178388
178449
178510
178571
178632
178693
178754
178815
178876
178937
178998
179059
179120
179181
179242
179303
179364
179425
179486
179547
179608
179669
179730
179791
179852
179913
179974
180035
180096
180157
180218
180279
180340
180401
180462
180523
180584
180645
180706
180767
180828
180889
180950
181011
181072
181133
181194
181255
181316
181377
181438
181499
181560
181621
181682
181743
181804
181865
181926
181987
182048
182109
182170
182231
182292
182353
182414
182475
182536
182597
182658
182719
182780
182841
182902
182963
183024
183085
183146
183207
183268
183329
183390
183451
183512
183573
183634
183695
183756
183817
183878
183939
184000
184061
184122
184183
184244
184305
184366
184427
184488
184549
184610
184671
184732
184793
184854
184915
184976
185037
185098
185159
185220
185281
185342
185403
185464
185525
185586
185647
185708
185769
185830
185891
185952
186013
186074
186135
186196
186257
186318
186379
186440
186501
186562
186623
186684
186745
186806
186867
186928
186989
187050
187111
187172
187233
187294
187355
187416
187477
187538
187599
187660
187721
187782
187843
187904
187965
188026
188087
188148
188209
188270
188331
188392
188453
188514
188575
188636
188697
188758
188819
188880
188941
189002
189063
189124
189185
189246
189307
189368
189429
189490
189551
189612
189673
189734
189795
189856
189917
189978
190039
190100
190161
190222
190283
190344
190405
190466
190527
190588
190649
190710
190771
190832
190893
190954
191015
191076
191137
191198
191259
191320
191381
191442
191503
191564
191625
191686
191747
191808
191869
191930
191991
192052
192113
192174
192235
192296
192357
192418
192479
192540
192601
192662
192723
192784
192845
192906
192967
193028
193089
193150
193211
193272
193333
193394
193455
193516
193577
193638
193699
193760
193821
193882
193943
194004
194065
194126
194187
194248
194309
194370
194431
194492
194553
194614
194675
194736
194797
194858
194919
194980
195041
195102
195163
195224
195285
195346
195407
195468
195529
195590
195651
195712
195773
195834
195895
195956
196017
196078
196139
196200
196261
196322
196383
196444
196505
196566
196627
196688
196749
196810
196871
196932
196993
197054
197115
197176
197237
197298
197359
197420
197481
197542
197603
197664
197725
197786
197847
197908
197969
198030
198091
198152
198213
198274
198335
198396
198457
198518
198579
198640
198701
198762
198823
198884
198945
199006
199067
199128
199189
199250
199311
199372
199433
199494
199555
199616
199677
199738
199799
199860
199921
199982
200043
200104
200165
200226
200287
200348
200409
200470
200531
200592
200653
200714
200775
200836
200897
200958
201019
201080
201141
201202
201263
201324
201385
201446
201507
201568
201629
201690
201751
201812
201873
201934
201995
202056
202117
202178
202239
202300
202361
202422
202483
202544
202605
202666
202727
202788
202849
202910
202971
203032
203093
203154
203215
203276
203337
203398
203459
203520
203581
203642
203703
203764
203825
203886
203947
204008
204069
204130
204191
204252
204313
204374
204435
204496
204557
204618
204679
204740
204801
204862
204923
204984
205045
205106
205167
205228
205289
205350
205411
205472
205533
205594
205655
205716
205777
205838
205899
205960
206021
206082
206143
206204
206265
206326
206387
206448
206509
206570
206631
206692
206753
206814
206875
206936
206997
207058
207119
207180
207241
207302
207363
207424
207485
207546
207607
207668
207729
207790
207851
207912
207973
208034
208095
208156
208217
208278
208339
208400
208461
208522
208583
208644
208705
208766
208827
208888
208949
209010
209071
209132
209193
209254
209315
209376
209437
209498
209559
209620
209681
209742
209803
209864
209925
209986
210047
210108
210169
210230
210291
210352
210413
210474
210535
210596
210657
210718
210779
210840
210901
210962
211023
211084
211145
211206
211267
211328
211389
211450
211511
211572
211633
211694
211755
211816
211877
211938
211999
212060
212121
212182
212243
212304
212365
212426
212487
212548
212609
212670
212731
212792
212853
212914
212975
213036
213097
213158
213219
213280
213341
213402
213463
213524
213585
213646
213707
213768
213829
213890
213951
214012
214073
214134
214195
214256
214317
214378
214439
214500
214561
214622
214683
214744
214805
214866
214927
214988
215049
215110
215171
215232
215293
215354
215415
215476
215537
215598
215659
215720
215781
215842
215903
215964
216025
216086
216147
216208
216269
216330
216391
216452
216513
216574
216635
216696
216757
216818
216879
216940
217001
217062
217123
217184
217245
217306
217367
217428
217489
217550
217611
217672
217733
217794
217855
217916
217977
218038
218099
218160
218221
218282
218343
218404
218465
218526
218587
218648
218709
218770
218831
218892
218953
219014
219075
219136
219197
219258
219319
219380
219441
219502
219563
219624
219685
219746
219807
219868
219929
219990
220051
220112
220173
220234
220295
220356
220417
220478
220539
220600
220661
220722
220783
220844
220905
220966
221027
221088
221149
221210
221271
221332
221393
221454
221515
221576
221637
221698
221759
221820
221881
221942
222003
222064
222125
222186
222247
222308
222369
222430
222491
222552
222613
222674
222735
222796
222857
222918
222979
223040
223101
223162
223223
223284
223345
223406
223467
223528
223589
223650
223711
223772
223833
223894
223955
224016
224077
224138
224199
224260
224321
224382
224443
224504
224565
224626
224687
224748
224809
224870
224931
224992
225053
225114
225175
225236
225297
225358
225419
225480
225541
225602
225663
225724
225785
225846
225907
225968
226029
226090
226151
226212
226273
226334
226395
226456
226517
226578
226639
226700
226761
226822
226883
226944
227005
227066
227127
227188
227249
227310
227371
227432
227493
227554
227615
227676
227737
227798
227859
227920
227981
228042
228103
228164
228225
228286
228347
228408
228469
228530
228591
228652
228713
228774
228835
228896
228957
229018
229079
229140
229201
229262
229323
229384
229445
229506
229567
229628
229689
229750
229811
229872
229933
229994
230055
230116
230177
230238
230299
230360
230421
230482
230543
230604
230665
230726
230787
230848
230909
230970
231031
231092
231153
231214
231275
231336
231397
231458
231519
231580
231641
231702
231763
231824
231885
231946
232007
232068
232129
232190
232251
232312
232373
232434
232495
232556
232617
232678
232739
232800
232861
232922
232983
233044
233105
233166
233227
233288
233349
233410
233471
233532
233593
233654
233715
233776
233837
233898
233959
234020
234081
234142
234203
234264
234325
234386
234447
234508
234569
234630
234691
234752
234813
234874
234935
234996
235057
235118
235179
235240
235301
235362
235423
235484
235545
235606
235667
235728
235789
235850
235911
235972
236033
236094
236155
236216
236277
236338
236399
236460
236521
236582
236643
236704
236765
236826
236887
236948
237009
237070
237131
237192
237253
237314
237375
237436
237497
237558
237619
237680
237741
237802
237863
237924
237985
238046
238107
238168
238229
238290
238351
238412
238473
238534
238595
238656
238717
238778
238839
238900
238961
239022
239083
239144
239205
239266
239327
239388
239449
239510
239571
239632
239693
239754
239815
239876
239937
239998
240059
240120
240181
240242
240303
240364
240425
240486
240547
240608
240669
240730
240791
240852
240913
240974
241035
241096
241157
241218
241279
241340
241401
241462
241523
241584
241645
241706
241767
241828
241889
241950
242011
242072
242133
242194
242255
242316
242377
242438
242499
242560
242621
242682
242743
242804
242865
242926
242987
243048
243109
243170
243231
243292
243353
243414
243475
243536
243597
243658
243719
243780
243841
243902
243963
244024
244085
244146
244207
244268
244329
244390
244451
244512
244573
244634
244695
244756
244817
244878
244939
245000
245061
245122
245183
245244
245305
245366
245427
245488
245549
245610
245671
245732
245793
245854
245915
245976
246037
246098
246159
246220
246281
246342
246403
246464
246525
246586
246647
246708
246769
246830
246891
246952
247013
247074
247135
247196
247257
247318
247379
247440
247501
247562
247623
247684
247745
247806
247867
247928
247989
248050
248111
248172
248233
248294
248355
248416
248477
248538
248599
248660
248721
248782
248843
248904
248965
249026
249087
249148
249209
249270
249331
249392
249453
249514
249575
249636
249697
249758
249819
249880
249941
250002
250063
250124
250185
250246
250307
250368
250429
250490
250551
250612
250673
250734
250795
250856
250917
250978
251039
251100
251161
251222
251283
251344
251405
251466
251527
251588
251649
251710
251771
251832
251893
251954
252015
252076
252137
252198
252259
252320
252381
252442
252503
252564
252625
252686
252747
252808
252869
252930
252991
253052
253113
253174
253235
253296
253357
253418
253479
253540
253601
253662
253723
253784
253845
253906
253967
254028
254089
254150
254211
254272
254333
254394
254455
254516
254577
254638
254699
254760
254821
254882
254943
255004
255065
255126
255187
255248
255309
255370
255431
255492
255553
255614
255675
255736
255797
255858
255919
255980
256041
256102
256163
256224
256285
256346
256407
256468
256529
256590
256651
256712
256773
256834
256895
256956
257017
257078
257139
257200
257261
257322
257383
257444
257505
257566
257627
257688
257749
257810
257871
257932
257993
258054
258115
258176
258237
258298
258359
258420
258481
258542
258603
258664
258725
258786
258847
258908
258969
259030
259091
259152
259213
259274
259335
259396
259457
259518
259579
259640
259701
259762
259823
259884
259945
260006
260067
260128
260189
260250
260311
260372
260433
260494
260555
260616
260677
260738
260799
260860
260921
260982
261043
261104
261165
261226
261287
261348
261409
261470
261531
261592
261653
261714
261775
261836
261897
261958
262019
262080
262141
262202
262263
262324
262385
262446
262507
262568
262629
262690
262751
262812
262873
262934
262995
263056
263117
263178
263239
263300
263361
263422
263483
263544
263605
263666
263727
263788
263849
263910
263971
264032
264093
264154
264215
264276
264337
264398
264459
264520
264581
264642
264703
264764
264825
264886
264947
265008
265069
265130
265191
265252
265313
265374
265435
265496
265557
265618
265679
265740
265801
265862
265923
265984
266045
266106
266167
266228
266289
266350
266411
266472
266533
266594
266655
266716
266777
266838
266899
266960
267021
267082
267143
267204
267265
267326
267387
267448
267509
267570
267631
267692
267753
267814
267875
267936
267997
268058
268119
268180
268241
268302
268363
268424
268485
268546
268607
268668
268729
268790
268851
268912
268973
269034
269095
269156
269217
269278
269339
269400
269461
269522
269583
269644
269705
269766
269827
269888
269949
270010
270071
270132
270193
270254
270315
270376
270437
270498
270559
270620
270681
270742
270803
270864
270925
270986
271047
271108
271169
271230
271291
271352
271413
271474
271535
271596
271657
271718
271779
271840
271901
271962
272023
272084
272145
272206
272267
272328
272389
272450
272511
272572
272633
272694
272755
272816
272877
272938
272999
273060
273121
273182
273243
273304
273365
273426
273487
273548
273609
273670
273731
273792
273853
273914
273975
274036
274097
274158
274219
274280
274341
274402
274463
274524
274585
274646
274707
274768
274829
274890
274951
275012
275073
275134
275195
275256
275317
275378
275439
275500
275561
275622
275683
275744
275805
275866
275927
275988
276049
276110
276171
276232
276293
276354
276415
276476
276537
276598
276659
276720
276781
276842
276903
276964
277025
277086
277147
277208
277269
277330
277391
277452
277513
277574
277635
277696
277757
277818
277879
277940
278001
278062
278123
278184
278245
278306
278367
278428
278489
278550
278611
278672
278733
278794
278855
278916
278977
279038
279099
279160
279221
279282
279343
279404
279465
279526
279587
279648
279709
279770
279831
279892
279953
280014
280075
280136
280197
280258
280319
280380
280441
280502
280563
280624
280685
280746
280807
280868
280929
280990
281051
281112
281173
281234
281295
281356
281417
281478
281539
281600
281661
281722
281783
281844
281905
281966
282027
282088
282149
282210
282271
282332
282393
282454
282515
282576
282637
282698
282759
282820
282881
282942
283003
283064
283125
283186
283247
283308
283369
283430
283491
283552
283613
283674
283735
283796
283857
283918
283979
284040
284101
284162
284223
284284
284345
284406
284467
284528
284589
284650
284711
284772
284833
284894
284955
285016
285077
285138
285199
285260
285321
285382
285443
285504
285565
285626
285687
285748
285809
285870
285931
285992
286053
286114
286175
286236
286297
286358
286419
286480
286541
286602
286663
286724
286785
286846
286907
286968
287029
287090
287151
287212
287273
287334
287395
287456
287517
287578
287639
287700
287761
287822
287883
287944
288005
288066
288127
288188
288249
288310
288371
288432
288493
288554
288615
288676
288737
288798
288859
288920
288981
289042
289103
289164
289225
289286
289347
289408
289469
289530
289591
289652
289713
289774
289835
289896
289957
290018
290079
290140
290201
290262
290323
290384
290445
290506
290567
290628
290689
290750
290811
290872
290933
290994
291055
291116
291177
291238
291299
291360
291421
291482
291543
291604
291665
291726
291787
291848
291909
291970
292031
292092
292153
292214
292275
292336
292397
292458
292519
292580
292641
292702
292763
292824
292885
292946
293007
293068
293129
293190
293251
293312
293373
293434
293495
293556
293617
293678
293739
293800
293861
293922
293983
294044
294105
294166
294227
294288
294349
294410
294471
294532
294593
294654
294715
294776
294837
294898
294959
295020
295081
295142
295203
295264
295325
295386
295447
295508
295569
295630
295691
295752
295812
295853
295894
295935
295976
296017
296058
296099
296140
296181
296222
296263
296304
296345
296386
296427
296468
296509
296550
296591
296632
296673
296714
296755
296796
296837
296878
296919
296960
297001
297042
297083
297124
297165
297206
297247
297288
297329
297370
297411
297452
297493
297534
297575
297616
297657
297698
297739
297780
297821
297862
297903
297944
297985
298026
298067
298108
298149
298190
298231
298272
298313
298354
298395
298436
298477
298518
298559
298600
298641
298682
298723
298764
298805
298846
298887
298928
298969
299010
299051
299092
299133
299174
299215
299256
299297
299338
299379
299420
299461
299502
299543
299584
299625
299666
299707
299748
299789
299830
299871
299912
299953
299994
300035
300076
300117
300158
300199
300240
300281
300322
300363
300404
300445
300486
300527
300568
300609
300650
300691
)
;
flipMap         List<bool> 3600{true};
}

Input
{
faceLabels      List<label> 
1500
(
2552482
2552523
2552564
2552605
2552646
2552687
2552728
2552769
2552810
2552851
2552892
2552933
2552974
2553015
2553056
2553097
2553138
2553179
2553220
2553261
2553302
2553343
2553384
2553425
2553466
2553507
2553548
2553589
2553630
2553671
2553712
2553753
2553794
2553835
2553876
2553917
2553958
2553999
2554040
2554081
2554122
2554163
2554204
2554245
2554286
2554327
2554368
2554409
2554450
2554491
3
84
165
246
327
408
489
570
651
732
813
894
975
1056
1137
1218
1299
1380
1461
1542
1623
1704
1785
1866
1947
2028
2109
2190
2271
2352
2433
2514
2595
2676
2757
2838
2919
3000
3081
3162
3243
3324
3405
3486
3567
3648
3729
3810
3891
3972
4053
4114
4175
4236
4297
4358
4419
4480
4541
4602
4663
4724
4785
4846
4907
4968
5029
5090
5151
5212
5273
5334
5395
5456
5517
5578
5639
5700
5761
5822
5883
5944
6005
6066
6127
6188
6249
6310
6371
6432
6493
6554
6615
6676
6737
6798
6859
6920
6981
7042
7103
7164
7225
7286
7347
7408
7469
7530
7591
7652
7713
7774
7835
7896
7957
8018
8079
8140
8201
8262
8323
8384
8445
8506
8567
8628
8689
8750
8811
8872
8933
8994
9055
9116
9177
9238
9299
9360
9421
9482
9543
9604
9665
9726
9787
9848
9909
9970
10031
10092
10153
10214
10275
10336
10397
10458
10519
10580
10641
10702
10763
10824
10885
10946
11007
11068
11129
11190
11251
11312
11373
11434
11495
11556
11617
11678
11739
11800
11861
11922
11983
12044
12105
12166
12227
12288
12349
12410
12471
12532
12593
12654
12715
12776
12837
12898
12959
13020
13081
13142
13203
13264
13325
13386
13447
13508
13569
13630
13691
13752
13813
13874
13935
13996
14057
14118
14179
14240
14301
14362
14423
14484
14545
14606
14667
14728
14789
14850
14911
14972
15033
15094
15155
15216
15277
15338
15399
15460
15521
15582
15643
15704
15765
15826
15887
15948
16009
16070
16131
16192
16253
16314
16375
16436
16497
16558
16619
16680
16741
16802
16863
16924
16985
17046
17107
17168
17229
17290
17351
17412
17473
17534
17595
17656
17717
17778
17839
17900
17961
18022
18083
18144
18205
18266
18327
18388
18449
18510
18571
18632
18693
18754
18815
18876
18937
18998
19059
19120
19181
19242
19303
19364
19425
19486
19547
19608
19669
19730
19791
19852
19913
19974
20035
20096
20157
20218
20279
20340
20401
20462
20523
20584
20645
20706
20767
20828
20889
20950
21011
21072
21133
21194
21255
21316
21377
21438
21499
21560
21621
21682
21743
21804
21865
21926
21987
22048
22109
22170
22231
22292
22353
22414
22475
22536
22597
22658
22719
22780
22841
22902
22963
23024
23085
23146
23207
23268
23329
23390
23451
23512
23573
23634
23695
23756
23817
23878
23939
24000
24061
24122
24183
24244
24305
24366
24427
24488
24549
24610
24671
24732
24793
24854
24915
24976
25037
25098
25159
25220
25281
25342
25403
25464
25525
25586
25647
25708
25769
25830
25891
25952
26013
26074
26135
26196
26257
26318
26379
26440
26501
26562
26623
26684
26745
26806
26867
26928
26989
27050
27111
27172
27233
27294
27355
27416
27477
27538
27599
27660
27721
27782
27843
27904
27965
28026
28087
28148
28209
28270
28331
28392
28453
28514
28575
28636
28697
28758
28819
28880
28941
29002
29063
29124
29185
29246
29307
29368
29429
29490
29551
29612
29673
29734
29795
29856
29917
29978
30039
30100
30161
30222
30283
30344
30405
30466
30527
30588
30649
30710
30771
30832
30893
30954
31015
31076
31137
31198
31259
31320
31381
31442
31503
31564
31625
31686
31747
31808
31869
31930
31991
32052
32113
32174
32235
32296
32357
32418
32479
32540
32601
32662
32723
32784
32845
32906
32967
33028
33089
33150
33211
33272
33333
33394
33455
33516
33577
33638
33699
33760
33821
33882
33943
34004
34065
34126
34187
34248
34309
34370
34431
34492
34553
34614
34675
34736
34797
34858
34919
34980
35041
35102
35163
35224
35285
35346
35407
35468
35529
35590
35651
35712
35773
35834
35895
35956
36017
36078
36139
36200
36261
36322
36383
36444
36505
36566
36627
36688
36749
36810
36871
36932
36993
37054
37115
37176
37237
37298
37359
37420
37481
37542
37603
37664
37725
37786
37847
37908
37969
38030
38091
38152
38213
38274
38335
38396
38457
38518
38579
38640
38701
38762
38823
38884
38945
39006
39067
39128
39189
39250
39311
39372
39433
39494
39555
39616
39677
39738
39799
39860
39921
39982
40043
40104
40165
40226
40287
40348
40409
40470
40531
40592
40653
40714
40775
40836
40897
40958
41019
41080
41141
41202
41263
41324
41385
41446
41507
41568
41629
41690
41751
41812
41873
41934
41995
42056
42117
42178
42239
42300
42361
42422
42483
42544
42605
42666
42727
42788
42849
42910
42971
43032
43093
43154
43215
43276
43337
43398
43459
43520
43581
43642
43703
43764
43825
43886
43947
44008
44069
44130
44191
44252
44313
44374
44435
44496
44557
44618
44679
44740
44801
44862
44923
44984
45045
45106
45167
45228
45289
45350
45411
45472
45533
45594
45655
45716
45777
45838
45899
45960
46021
46082
46143
46204
46265
46326
46387
46448
46509
46570
46631
46692
46753
46814
46875
46936
46997
47058
47119
47180
47241
47302
47363
47424
47485
47546
47607
47668
47729
47790
47851
47912
47973
48034
48095
48156
48217
48278
48339
48400
48461
48522
48583
48644
48705
48766
48827
48888
48949
49010
49071
49132
49193
49254
49315
49376
49437
49498
49559
49620
49681
49742
49803
49864
49925
49986
50047
50108
50169
50230
50291
50352
50413
50474
50535
50596
50657
50718
50779
50840
50901
50962
51023
51084
51145
51206
51267
51328
51389
51450
51511
51572
51633
51694
51755
51816
51877
51938
51999
52060
52121
52182
52243
52304
52365
52426
52487
52548
52609
52670
52731
52792
52853
52914
52975
53036
53097
53158
53219
53280
53341
53402
53463
53524
53585
53646
53707
53768
53829
53890
53951
54012
54073
54134
54195
54256
54317
54378
54439
54500
54561
54622
54683
54744
54805
54866
54927
54988
55049
55110
55171
55232
55293
55354
55415
55476
55537
55598
55659
55720
55781
55842
55903
55964
56025
56086
56147
56208
56269
56330
56391
56452
56513
56574
56635
56696
56757
56818
56879
56940
57001
57062
57123
57184
57245
57306
57367
57428
57489
57550
57611
57672
57733
57794
57855
57916
57977
58038
58099
58160
58221
58282
58343
58404
58465
58526
58587
58648
58709
58770
58831
58892
58953
59014
59075
59136
59197
59258
59319
59380
59441
59502
59563
59624
59685
59746
59807
59868
59929
59990
60051
60112
60173
60234
60295
60356
60417
60478
60539
60600
60661
60722
60783
60844
60905
60966
61027
61088
61149
61210
61271
61332
61393
61454
61515
61576
61637
61698
61759
61820
61881
61942
62003
62064
62125
62186
62247
62308
62369
62430
62491
62552
62613
62674
62735
62796
62857
62918
62979
63040
63101
63162
63223
63284
63345
63406
63467
63528
63589
63650
63711
63772
63833
63894
63955
64016
64077
64138
64199
64260
64321
64382
64443
64504
64565
64626
64687
64748
64809
64870
64931
64992
65053
65114
65175
65236
65297
65358
65419
65480
65541
65602
65663
65724
65785
65846
65907
65968
66029
66090
66151
66212
66273
66334
66395
66456
66517
66578
66639
66700
66761
66822
66883
66944
67005
67066
67127
67188
67249
67310
67371
67432
67493
67554
67615
67676
67737
67798
67859
67920
67981
68042
68103
68164
68225
68286
68347
68408
68469
68530
68591
68652
68713
68774
68835
68896
68957
69018
69079
69140
69201
69262
69323
69384
69445
69506
69567
69628
69689
69750
69811
69872
69933
69994
70055
70116
70177
70238
70299
70360
70421
70482
70543
70604
70665
70726
70787
70848
70909
70970
71031
71092
71153
71214
71275
71336
71397
71458
71519
71580
71641
71702
71763
71824
71885
71946
72007
72068
72129
72190
72251
72312
72373
72434
72495
72556
72617
72678
72739
72800
72861
72922
72983
73044
73105
73166
73227
73288
73349
73410
73471
73532
73593
73654
73715
73776
73837
73898
73959
74020
74081
74142
74203
74264
74325
74386
74447
74508
74569
74630
74691
74752
74813
74874
74935
74996
75057
75118
75179
75240
75301
75362
75423
75484
75545
75606
75667
75728
75789
75850
75911
75972
76033
76094
76155
76216
76277
76338
76399
76460
76521
76582
76643
76704
76765
76826
76887
76948
77009
77070
77131
77192
77253
77314
77375
77436
77497
77558
77619
77680
77741
77802
77863
77924
77985
78046
78107
78168
78229
78290
78351
78412
78473
78534
78595
78656
78717
78778
78839
78900
78961
79022
79083
79144
79205
79266
79327
79388
79449
79510
79571
79632
79693
79754
79815
79876
79937
79998
80059
80120
80181
80242
80303
80364
80425
80486
80547
80608
80669
80730
80791
80852
80913
80974
81035
81096
81157
81218
81279
81340
81401
81462
81523
81584
81645
81706
81767
81828
81889
81950
82011
82072
82133
82194
82255
82316
82377
82438
82499
82560
82621
82682
82743
82804
82865
82926
82987
83048
83109
83170
83231
83292
83353
83414
83475
83536
83597
83658
83719
83780
83841
83902
83963
84024
84085
84146
84207
84268
84329
84390
84451
84512
84573
84634
84695
84756
84817
84878
84939
85000
85061
85122
85183
85244
85305
85366
85427
85488
85549
85610
85671
85732
85793
85854
85915
85976
86037
86098
86159
86220
86281
86342
86402
86443
86484
86525
86566
86607
86648
86689
86730
86771
86812
86853
86894
86935
86976
87017
87058
87099
87140
87181
87222
87263
87304
87345
87386
87427
87468
87509
87550
87591
87632
87673
87714
87755
87796
87837
87878
87919
87960
88001
88042
88083
88124
88165
88206
88247
88288
88329
88370
88411
)
;
flipMap         List<bool> 1500{true};
}
)

// ************************************************************************* //
